4294967279,202
4294967279,58
4294967279,57
4294967279,56
4294967279,50
4294967279,49
4294967279,48
10,2
4294967278,199
4294967279,200
4294967294,22
4294967294,1423
4294967294,971
4294967294,975
4294967294,1415
13,4
4294967293,131
4294967293,130
4294967293,129
4294967293,128
4294967293,127
4294967293,126
4294967293,125
4294967293,124
4294967293,123
4294967293,122
4294967293,121
4294967293,120
4294967293,119
4294967293,118
4294967293,117
4294967293,116
4294967293,115
4294967293,114
4294967293,113
4294967293,112
4294967293,111
4294967293,110
4294967293,109
4294967293,108
4294967293,107
4294967293,106
4294967293,105
4294967293,104
4294967293,103
4294967293,102
4294967293,101
4294967293,100
4294967293,99
4294967293,98
4294967293,97
4294967293,96
4294967293,95
4294967293,94
4294967293,93
4294967293,92
4294967293,91
4294967293,90
4294967293,89
4294967293,87
4294967293,86
4294967293,85
4294967293,84
4294967293,83
4294967293,82
4294967293,81
4294967293,80
4294967293,79
4294967293,78
4294967293,77
4294967293,76
4294967293,75
4294967293,74
4294967293,73
4294967293,72
4294967293,71
4294967293,70
4294967293,69
4294967293,68
4294967293,67
4294967293,66
4294967293,65
4294967293,64
4294967293,63
4294967293,62
4294967293,61
4294967293,60
4294967293,59
4294967293,58
4294967293,57
4294967293,56
4294967293,55
4294967293,54
4294967293,53
4294967293,52
4294967293,51
4294967293,50
4294967293,49
4294967293,48
4294967293,47
4294967293,46
4294967293,45
4294967293,44
4294967293,43
4294967293,42
4294967293,41
4294967293,40
4294967293,39
4294967293,38
4294967293,37
4294967293,36
4294967293,35
4294967293,34
4294967293,33
4294967293,32
4294967293,31
4294967293,30
4294967293,29
4294967293,28
4294967293,27
4294967293,26
4294967293,25
4294967293,24
4294967293,23
4294967293,22
4294967293,21
4294967293,20
4294967293,19
4294967293,18
4294967293,17
4294967293,16
4294967293,15
4294967293,14
4294967293,13
4294967293,12
4294967293,11
4294967293,10
4294967293,9
4294967293,8
4294967293,7
4294967293,6
4294967293,5
4294967293,4
4294967293,3
4294967278,131
4294967278,130
4294967278,256
4294967278,127
4294967278,126
4294967278,125
4294967278,251
4294967278,121
4294967278,239
4294967278,115
4294967278,235
4294967278,112
4294967278,105
4294967278,2
4294967278,99
4294967278,317
4294967278,95
4294967278,94
4294967278,93
4294967278,92
4294967278,91
4294967278,90
4294967278,89
4294967278,87
4294967278,86
4294967278,399
4294967278,85
4294967278,405
4294967278,83
4294967278,82
4294967278,81
4294967278,79
4294967278,78
4294967278,68
4294967278,58
4294967278,299
4294967278,57
4294967278,351
4294967278,56
4294967278,298
4294967278,55
4294967278,54
4294967278,53
4294967278,52
4294967278,51
4294967278,50
4294967278,295
4294967278,49
4294967278,48
4294967278,294
4294967278,47
4294967278,46
4294967278,44
4294967278,293
4294967278,43
4294967278,42
4294967278,41
4294967278,40
4294967278,39
4294967278,339
4294967278,38
4294967278,37
4294967278,36
4294967278,35
4294967278,34
4294967278,336
4294967278,33
4294967278,32
4294967278,31
4294967278,30
4294967278,29
4294967278,288
4294967278,28
4294967278,27
4294967278,26
4294967278,25
4294967278,24
4294967278,286
4294967278,23
4294967278,22
4294967278,21
4294967278,20
4294967278,19
4294967278,406
4294967278,275
4294967278,18
4294967278,17
4294967278,284
4294967278,16
4294967278,12
4294967278,282
4294967278,10
4294967278,7
4294967278,88
4294967278,0
4294967278,260
4294967278,4
4294967279,131
4294967279,127
4294967279,253
4294967279,126
4294967279,340
4294967279,121
4294967279,247
4294967279,119
4294967279,245
4294967279,118
4294967279,241
4294967279,116
4294967279,112
4294967279,111
4294967279,339
4294967279,335
4294967279,54
4294967279,53
4294967279,51
4294967279,286
4294967279,47
4294967279,46
4294967279,44
4294967279,43
4294967279,42
4294967279,512
4294967279,38
4294967279,37
4294967279,34
4294967279,33
4294967279,28
4294967279,27
4294967279,23
4294967279,22
4294967279,17
4294967279,174
4294967279,13
4294967279,12
4294967279,7
4294967279,4
4294967278,84
4294967279,198
10,4
0,5
4294967279,197
4294967294,7
4294967294,6
4294967294,17
4294967294,42
4294967294,99
4294967294,76
4294967294,41
4294967294,43
4294967294,67
4294967294,5
4294967294,1567
4294967294,1566
4294967294,1564
4294967294,1421
4294967294,1275
4294967294,1436
4294967294,92
4294967294,91
4294967294,90
4294967294,88
4294967294,87
4294967294,86
4294967294,85
4294967294,83
4294967294,82
4294967294,84
4294967294,1
4294967294,8
4294967294,2
4294967294,0
4294967279,337
4294967278,401
4294967278,400
4294967279,284
4294967279,283
4294967279,134
4294967279,281
4294967279,275
4294967294,2185
4294967294,923
4294967294,1279
4294967294,791
4294967294,914
4294967294,1439
4294967294,29
4294967294,27
4294967294,28
4294967294,25
4294967294,26
4294967294,744
4294967294,743
4294967294,739
4294967294,737
4294967294,154
4294967294,736
4294967294,735
4294967294,734
4294967294,733
4294967294,732
4294967294,731
4294967294,728
4294967294,726
4294967294,725
4294967294,724
4294967294,721
4294967294,720
4294967294,716
4294967294,715
4294967294,714
4294967294,711
4294967294,705
4294967294,699
4294967294,150
4294967294,697
4294967294,696
4294967294,691
4294967294,688
4294967294,685
4294967294,682
4294967294,680
4294967294,679
4294967294,678
4294967294,677
4294967294,676
4294967294,674
4294967294,673
4294967294,672
4294967294,668
4294967294,667
4294967294,666
4294967294,659
4294967294,825
4294967294,147
4294967294,655
4294967294,801
4294967294,654
4294967294,2176
4294967294,653
4294967294,187
4294967294,652
4294967294,651
4294967294,650
4294967294,648
4294967294,646
4294967294,645
4294967294,644
4294967294,642
4294967294,641
4294967294,639
4294967294,636
4294967294,635
4294967294,634
4294967294,633
4294967294,630
4294967294,629
4294967294,1563
4294967294,628
4294967294,799
4294967294,626
4294967294,625
4294967294,624
4294967294,623
4294967294,621
4294967294,620
4294967294,615
4294967294,614
4294967294,613
4294967294,612
4294967294,611
4294967294,607
4294967294,605
4294967294,603
4294967294,602
4294967294,599
4294967294,598
4294967294,597
4294967294,596
4294967294,593
4294967294,592
4294967294,152
4294967294,591
4294967294,590
4294967294,142
4294967294,585
4294967294,789
4294967294,125
4294967294,584
4294967294,583
4294967294,581
4294967294,579
4294967294,577
4294967294,317
4294967294,313
4294967294,1560
4294967294,311
4294967294,310
4294967294,307
4294967294,306
4294967294,304
4294967294,302
4294967294,1424
4294967294,301
4294967294,300
4294967294,299
4294967294,298
4294967294,296
4294967294,295
4294967294,294
4294967294,292
4294967294,291
4294967294,290
4294967294,288
4294967294,287
4294967294,286
4294967294,285
4294967294,282
4294967294,1557
4294967294,280
4294967294,278
4294967294,276
1,0
4294967294,274
4294967294,443
4294967294,271
4294967294,270
4294967294,982
4294967294,268
4294967294,267
4294967294,265
4294967294,263
4294967294,130
4294967294,259
4294967294,258
4294967294,1558
4294967294,133
4294967294,257
4294967294,255
4294967294,253
4294967294,252
4294967294,251
4294967294,1088
4294967294,1260
4294967294,248
4294967294,132
4294967294,245
4294967294,243
4294967294,239
4294967294,237
4294967294,236
4294967294,234
4294967294,233
4294967294,232
4294967294,229
4294967294,227
4294967294,795
4294967294,223
4294967294,574
4294967294,220
4294967294,218
4294967294,212
4294967294,209
4294967294,207
4294967294,146
4294967294,205
4294967294,203
4294967294,1556
4294967294,201
4294967294,200
4294967294,198
4294967294,195
4294967294,194
4294967294,192
4294967294,569
4294967294,567
4294967294,564
4294967294,559
4294967294,558
4294967294,557
4294967294,572
4294967294,1555
4294967294,1441
4294967294,553
4294967294,552
4294967294,551
4294967294,1140
4294967294,141
4294967294,560
4294967294,139
4294967294,545
4294967294,544
4294967294,1139
4294967294,138
4294967294,542
4294967294,129
4294967294,131
4294967294,541
4294967294,151
4294967294,1554
4294967294,537
4294967294,145
4294967294,136
4294967294,128
4294967294,148
4294967294,571
4294967294,536
4294967294,137
4294967294,622
4294967294,573
4294967294,70
4294967294,143
4294967294,72
4294967294,1553
4294967294,619
4294967294,134
4294967294,71
4294967294,1132
4294967279,336
4294967279,333
4294967279,285
4294967279,334
4294967278,397
4294967278,292
4294967278,291
4294967278,289
4294967294,1093
4294967294,1551
4294967294,1549
4294967294,1550
4294967294,395
4294967294,1138
4294967294,1548
4294967294,1547
4294967294,1546
4294967294,1545
4294967294,1544
4294967294,1276
4294967294,900
4294967294,1416
4294967294,1607
4294967294,1610
4294967294,428
4294967294,1605
4294967294,1098
4294967294,1625
4294967294,455
4294967294,1470
4294967294,1622
4294967294,1618
4294967294,1616
4294967294,1620
4294967294,504
4294967294,1446
4294967294,1459
4294967294,1452
4294967294,454
4294967294,1435
4294967294,1613
4294967294,1614
4294967294,769
4294967294,513
4294967294,1468
4294967294,1460
4294967294,1471
4294967294,1621
4294967294,953
4294967294,1601
4294967294,423
4294967294,392
4294967294,535
4294967294,1453
4294967294,534
4294967294,904
4294967294,1467
4294967294,430
4294967294,950
4294967294,370
4294967294,369
4294967294,368
4294967294,367
4294967294,366
4294967294,364
4294967294,365
4294967294,363
4294967294,362
4294967294,361
4294967294,360
4294967294,359
4294967294,358
4294967294,357
4294967294,356
4294967294,355
4294967294,354
4294967294,973
4294967294,972
4294967294,970
4294967294,969
4294967279,282
4294967278,287
4294967279,271
4294967278,278
4294967278,257
4294967278,396
4294967278,395
4294967279,330
4294967279,329
4294967278,394
4294967278,393
4294967278,392
4294967279,332
4294967279,575
4294967294,2183
4294967294,2186
4294967294,452
4294967294,2179
4294967294,179
4294967294,406
4294967294,449
4294967294,386
